41482
104786
-348358
153524
149979
-187422
-61921
-44094
-177370
81558
-530373
253331
31348
-4850
-7139
-259615
294518
73337
-267012
434173
-243031
206242
0
-223061
59128
101709
-379191
0
-83904
508428
-627491
549644
-94286
748004
-127903
-67056
-525941
-112804
-222108
114774
-318588
25452
19974
-178475
95642
50877
171286
22527
46085
-260288
-87162
525772
74231
-34155
3395
-52952
649610
22461
35163
268812
-30412
444178
483730
62918
-256728
31764
245597
39668
-292747
36307
-53596
-408388
277722
105453
-253356
-69079
158732
33515
10637
-30211
275449
11102
111386
39582
30239
35398
-494014
61446
-45267
-116855
-37402
93927
-4234
-217046
-28883
-53769
643
-59608
-31934
20783
-221642
230244
-38421
-33460
42539
18402
-53532
-203938
-487553
-74571
22861
-39380
45638
12556
79348
-82414
-10712
-1243
171566
18785
103115
-533125
16481
9682
232
33836
25131
-44553
35695
12080
-11382
-157386
44383
-31398
25687
-73757
-520835
-329816
13332
33728
22662
110745
248660
-47412
-267350
51610
-19573
22058
14505
14500
-477055
12597
19165
-62964
-10993
-30715
101387
285523
-33361
365795
10532
45451
247531
8236
-44172
189197
-19441
-34660
-19617
-448511
16910
-5810
-83113
-16592
-47692
-46201
7858
33000
17170
138579
77063
-81816
23146
36577
-87977
-41476
-424146
26670
-210224
-169672
26804
39274
-388384
-280878
-236792
-193455
-30425
239949
760330
-94367
76506
-107639
-140178
23204
8526
116522
-31633
-140912
-30876
30432
-5239
-78404
-18263
-153612
-451733
-161780
8793
-37771
27138
4534
-280659
-500883
63028
-51236
-25514
-49571
10183
-192384
140817
-159194
62110
87074
-85979
-26504
112539
-61528
111528
4729
18868
-171073
110625
79451
244300
31936
-32086
14629
-13350
22059
44578
-10729
79123
140776
71403
73687
12923
21094
81455
126035
27681
-70915
-98514
17519
508963
-50994
-44307
91038
-182320
27338
82108
50410
21434
83956
-39926
5066
-457
65727
278783
67537
40970
251834
52057
-56128
-3478
-235861
-32587
121124
151905
-199943
19767
3277
-7481
8681
-28400
-11525
-67992
-57185
52282
-19870
20733
63376
-305387
-481018
-45575
82009
-62390
60376
-93804
6545
-107757
-112141
-18057
41376
-29707
-9917
42882
-189
-26959
91983
90357
29014
-22857
-86029
-32152
-3349
5267
-36057
-43989
-116901
-67631
-67673
-33972
-98686
-173961
44366
50876
-207084
-63911
-78639
-56248
-237051
31040
57524
50726
-66500
215724
-330654
-9677
-10583
9333
412656
204524
-85366
-165494
13874
48425
-186060
119766
-14880
-32549
9645
-1594
-27558
14304
-1459
-456847
-17865
41201
-169856
-33754
21598
61411
-15277
-26818
38507
-28435
-11900
44481
126684
8332
-19329
-33119
-196163
111941
-11460
-15378
9048
-251294
18007
-27783
-46106
-9480
-53085
57319
-417912
153815
-482
-43811
31596
7600
-32132
93839
51088
127982
-94636
60172
-27200
-139222
101862
-24258
-318687
22545
-85723
-113503
-1003
127663
221440
-330055
-41361
87061
68900
-103667
-169883
52034
-5707
78982
-304896
61485
26755
13982
173996
31688
-174099
-304616
-20085
19612
86493
-234152
92153
-47766
-10643
39556
-143024
46993
-114414
-105590
113922
-88330
-322707
114080
-69141
-20123
925
-451329
-53337
-7591
97804
-6040
224398
42599
10505
-14573
115921
-522357
63041
51515
-297338
514815
41745
-74042
496
38468
80720
-352529
-63759
81592
-64872
-326509
-111627
49428
331519
518856
69963
-165708
-211032
117688
39614
85353
-99724
280105
170795
95435
-192711
119460
38023
11167
75152
14682
-304768
86578
-47791
36485
92065
103469
-113265
-4096
-408676
314571
-75430
397588
163704
310979
-38981
451740
-3507
80914
-47698
-43095
-175217
4953
-182664
98193
51343
-115087
301311
26130
125922
-66543
51981
141714
-25466
84385
342106
-137952
103987
24041
44795
148083
47293
-12888
-387186
-155088
72121
560892
439873
-82008
133320
-33846
166275
-294530
61733
16903
77158
251272
-76406
-131657
295276
291729
-13196
115090
143378
282213
-63629
-418079
158249
-4809
-119821
27311
84992
-6247
33084
-13113
31291
102325
30740
2532
405673
52707
50853
-21354
-475754
2322
144748
44312
-128172
-139372
-360530
-15766
-5164
54640
-340666
-51027
390441
-64860
-54293
-19801
-1558
-23865
-53817
-25256
307140
-6053
-480128
23343
-40092
-62501
-221957
75428
20052
-532078
19176
-8460
86417
-96237
-67377
35716
40908
-48652
194510
-34970
-126741
267827
-282524
-111956
88878
-1800
8584
40647
38929
-98275
63537
-576236
-166900
-182351
-380447
15576
22465
-15513
-9612
60459
24917
161809
100404
-105358
76490
22514
-17912
37029
163696
-212498
-72810
56093
225608
-34157
222612
-27872
33143
76046
357340
-16181
-12100
-48033
-44218
385401
44761
30139
103776
33954
80433
-48184
-467140
83346
-34878
34689
35671
11416
-2237
-312121
-112434
-156458
35467
203726
20283
223168
-140461
191555
-22121
25561
167338
91452
-15506
270299
-85359
68188
-76572
42322
32679
-41315
117967
-641119
16937
29235
-202412
-223175
-2607
-557204
9488
22834
-130144
61180
107064
-25906
49749
43129
-120699
51365
-10793
-449319
-172297
-26999
3645
-117867
-43405
32406
5062
270268
644984
-63616
115412
-41103
47135
66180
-212739
53917
548
-59544
-1988
47644
-51129
8253
-79184
53129
-294029
-95212
-198866
9984
-7040
-504615
46707
148927
-268754
-50750
74612
-5202
-7858
27067
43031
-105677
-90361
241756
-102303
22908
7827
-356523
-37852
204789
-61726
163650
289273
-26790
215041
-68930
56890
-473470
370614
-487553
-97229
701657
-84489
70466
-11500
-2500
48519
-4295
225021
-372562
-69416
18949
114085
-27911
-1469
24472
-138738
-4967
-11387
-120662
1988
144187
-128381
59949
-490916
16807
-11776
62860
12126
136910
125003
9617
10992
-35431
119235
13828
171444
146866
-612
-37162
41960
-11016
37448
67260
-76908
-32334
-319322
-28669
-142909
9527
45911
66120
33233
90858
71756
14885
139250
130579
-263058
66160
-197174
52814
-24992
-20547
-13290
193151
340312
121796
-340373
41943
28978
-31904
-3381
4780
-77218
2293
-53905
329971
-537941
96508
-36394
165064
-151455
-41703
-73726
32886
-1531
-50748
-257626
-185575
208184
-11199
-55661
-31850
-43444
204301
-313453
-2655
-126149
-11965
-9595
236592
-238725
4179
-79848
-26124
-62595
159074
-465234
-78484
-455595
424159
-511312
-24022
-164838
123299
-15871
-106433
10199
-62990
90714
2774
47253
29073
151170
1706
-198618
325440
-37784
77706
7577
115717
56951
35066
-63835
200187
-105195
12282
-314384
-52320
138954
-40180
5954
193450
-69179
356586
77320
77276
-497930
-26417
-18802
-240786
14241
-746977
2387
-21125
202764
615972
103633
-211674
123890
-21533
-56341
14102
-28627
66964
19968
-38644
375
-127725
130400
-20379
126961
24657
-14445
-30218
-105760
113009
34833
-14670
37910
70132
-187472
-28988
21481
-33116
-23729
-95230
16910
19514
-44560
64856
-57955
51640
57635
120588
85212
21322
184995
108544
103044
-227378
3929
-74371
137883
-44933
33423
-194677
-169763
220413
114444
-30891
-152883
113435
-12478
-16664
111523
178412
74891
95870
-156056
24337
98011
-12408
-109100
24502
-305737
39834
4965
186191
38254
57624
261954
22137
40410
28617
121526
-157287
112715
187339
220032
5252
-226883
19750
61750
-9262
-569631
-5230
-257646
-111680
948
-481523
-42246
-46832
48811
1881
-27216
9300
-177662
18393
-134536
36046
-51949
55731
22302
-15097
-62850
146464
-312345
93883
-240434
-3922
94255
41680
-151040
-62994
30505
116065
3439
248816
-35002
77123
278353
6138
-748294
98018
-20822
-9658
5320
45112
-16221
-7072
-56987
59596
168590
44783
195738
40736
49989
90461
-236162
-40153
3199
78291
64982
583935
-112348
153818
-53256
10916
-113787
-40668
693713
-89876
73948
10706
50325
101998
-86234
134317
-262424
64804
16123
12069
26030
-24951
-2640
109911
63895
27768
38790
118794
-44134
-24560
-71495
88584
-2629
-9671
12534
29339
-51869
-166318
-142197
11278
-7224
352749
112565
18917
323162
28346
64581
146992
-8339
233320
189642
28006
-23351
41988
44246
-4326
57247
-60819
-8057
-297262
91893
16104
-40686
105978
186105
25277
82994
-370216
91738
-21079
106
-1238
-85742
-22733
-85910
17224
122166
42338
80096
-11296
-6503
11813
-934
34712
-6202
112000
-243101
39889
-294483
23529
-31625
33369
44496
104552
-95484
-16322
-8684
-550422
-208071
30750
67275
-15093
65226
260338
42052
-60099
46858
-44370
-116129
68238
97093
-81159
1561
-35961
-143588
30066
-188713
-14344
103723
11997
30796
45777
-1039
319663
1859
20260
18530
5045
-91978
-395535
-99603
-1754
-131750
84665
10921
23945
13578
38748
27391
-11658
79899
82933
-66424
-19321
-50154
-35632
-345340
18462
34858
-11264
-75308
-5575
-137445
-36099
-61321
176166
-127129
-260980
-369026
413835
-199574
-327584
70962
593301
-32828
-59463
-174283
74273
-8122
-289529
321381
-124080
-377926
16384
-162182
-93343
-80240
221291
-23574
-358236
-327382
-56755
61525
95082
3381
-2905
55666
440033
-263081
288571
9020
-83510
-91792
152644
-134999
-222623
-3134
-42006
57317
229966
-99299
-76495
-30861
-151462
186159
63885
49388
69583
-523638
-123392
56315
-75219
93807
270
5510
-7527
-166654
176513
49660
-41079
67490
52820
64746
-337239
-15733
6948
56705
-20786
-35280
249946
52430
-105824
-49452
118413
52559
199721
174956
29664
-9539
-46868
30849
-11197
20518
934
79126
-48108
530
-118018
101856
57783
-252851
206680
60641
33496
79757
200863
219127
20542
96559
65719
-436007
-63103
-4371
16979
-75758
33462
162157
1873
24015
-39828
213315
45139
78179
-16668
124539
-31529
-47449
-518585
-89717
54376
12603
43716
-39596
-52954
-593345
-55475
49776
-16794
-83087
-30516
-39645
103124
-4722
-955
60363
-16453
72094
-56848
-96943
99622
15301
-1588
-448329
-4419
15418
-36877
100685
96962
-23707
21088
-85930
112586
-193046
30386
55424
-58303
471363
-216849
18099
-102874
10443
-199252
-69112
-93594
-3795
11764
252415
7332
-6705
67419
34074
-44533
-64622
165078
102184
-29065
22203
77297
-62227
-57176
-10407
11008
-86703
-158276
12459
-30642
-11286
134670
-13160
98378
-41358
51490
23742
311800
-191181
-38446
-131659
8129
314288
-129538
-124722
87806
-53885
67139
38403
-126728
128648
23483
-9403
-80345
-100097
51009
-60421
50910
-60686
-5672
-204376
106956
-127715
-12817
72821
27900
-56711
-112855
141610
-9779
-230345
140502
3411
69050
-56013
35332
141950
-518022
50654
-415259
119674
34206
107091
44221
-18347
-7908
124127
36563
72097
132315
-20100
944
-13048
-43316
-118182
-13819
-6007
-97795
35403
20514
171337
30335
79807
4679
-177613
-19210
-10421
484333
-84741
25074
23868
-100143
124135
78637
-347333
158358
115510
-38208
-681392
39252
112558
-1661
26904
-148518
-376313
-462735
255082
14731
-8054
-33336
42748
-4590
-40526
68758
1213
174743
72962
-80141
-289782
-113942
36740
-70060
-16116
32968
131926
-14127
-18178
45310
-9954
-135034
68341
38402
-78849
599303
86808
106014
10543
150451
31941
46108
83517
304921
72362
-69014
-29136
89126
-422864
97907
135924
-69785
30891
63248
47846
-93165
-62624
84124
334934
-564569
105986
16340
-37506
648975
-79724
-12818
401549
54072
34662
-160696
-42898
-117880
319424
107260
2271
187569
-126509
811
-76988
-35649
-16385
-89670
79716
9958
-127
81446
23159
-479852
72804
441
-1746
11228
64942
117108
-69579
-503336
68336
440612
-218287
-1617
-58069
-15793
-967
12750
44422
50178
-21611
-270932
-132849
20638
41124
4681
156569
-190844
-6537
23139
-20959
72340
137714
351858
-35254
14485
26145
27890
27581
71763
149534
38360
-196254
-188814
14763
8274
160940
117623
-130047
43908
62330
331102
32797
66433
66
41212
-121559
-48119
-131496
18526
128818
49917
97175
-65393
23912
52807
-28449
108151
-291191
18863
-246704
4676
-34655
64072
19959
93722
-217446
70582
-273240
38896
-37357
-1724
-100113
172529
-74130
-78628
83888
-41936
79881
-17843
74916
-249275
104
-215018
113270
-17297
-17066
113652
-74046
44479
319102
-179910
100304
-188175
-358089
17772
328842
20685
-112355
116251
328985
88570
264909
-69328
19736
-67855
30600
30795
-106617
-152244
-137206
70889
-109430
87440
85053
210362
-70141
-267934
-96381
-90019
-4229
299860
-26055
-73145
-211988
54636
-19498
124036
175182
15922
90633
126631
543604
133312
-16778
182660
-316880
31665
93554
237474
45565
-25744
135527
76664
-244681
-60540
-6943
-34002
-132565
129467
18868
-19511
50037
162836
-130060
66932
29789
57877
-15495
32294
-17252
87
-60766
73639
-36580
14001
100302
-59210
2293
-66433
65765
110231
69782
10423
-72100
-35008
-52920
1517
-471589
-19232
35028
62886
2756
-56830
27137
-491296
27080
146256
54316
21403
31390
571
85713
2555
211515
125646
157270
-4939
-143645
168238
44073
185306
48037
245
10329
-351646
216
118636
10435
20519
16912
-73720
25663
9927
40327
-103307
-271927
119318
638808
184009
67492
82776
-270935
50084
41761
-15394
-6845
-36514
8762
-295510
-17460
-207461
-4462
62642
-268239
-312204
6643
-32812
41284
191085
708
40899
59196
28631
69221
52399
61994
28864
-55024
-30082
24412
74381
80391
46410
148064
-295593
-165126
14438
95694
-16198
57642
-50814
90375
-364071
71001
-57688
-14428
56448
-131641
125211
-10237
-120900
72475
-62040
-133527
137286
-100637
58384
33589
-122553
-5668
-146287
37065
1503
32745
-155000
-217624
92607
-12621
89909
52505
-29091
17319
-7670
126888
60254
14440
61130
-308207
40510
-47818
-10792
-92287
-52387
201826
292105
46599
-135032
-123347
9260
49118
-170509
221773
65057
-130512
52483
36005
321627
141376
226129
-31550
38619
68640
-69102
20765
80994
477777
-31217
-10419
-471781
282458
-45232
37086
198622
-324798
8155
38269
-4104
-20073
41891
117612
9829
90144
32873
-81032
-507326
97587
-130256
57342
40769
39256
6618
-501327
11320
-32412
-85042
36337
37605
105466
91106
-109980
93593
24728
-22268
48968
-28533
105105
346645
-22537
54332
39827
-96594
2498
111189
481560
49527
141739
9025
135187
-45470
-68027
67331
-150943
12769
-69907
-146628
-90306
-349387
16966
-17578
-359775
13023
-18993
95448
-205036
172787
-180743
348132
43059
178190
-69072
-81298
-93707
33449
106481
96684
-23604
46382
-93319
59296
52875
94530
27495
-73217
16137
39522
79696
120790
56757
-62822
-14544
78381
-201778
28979
-9767
-19853
55423
-5035
-111231
-74226
-25877
70253
-22316
32352
354523
-76028
-12180
-717
10199
-850
63
62679
58656
78727
-237387
53086
-8152
-42607
52728
19220
-321432
-80209
5678
14728
-140839
110056
-271053
71158
18986
-257186
61709
49851
-39898
150482
26874
131148
-102849
173803
269712
91381
90326
111489
66811
-28284
-16771
52315
24424
44292
-156771
-17543
-56000
-162761
-122043
-106379
3438
10785
45881
26821
4052
-69577
-147784
37899
-19752
-571180
-89866
-74158
-137479
-3551
2261
108988
52672
-59475
-279510
93190
-77160
-54339
249097
72489
-39357
-140816
40335
-68488
-250167
104255
28391
-58907
18495
68532
84325
35913
413574
8693
-19656
510
30182
81527
13274
-78104
-500082
-9420
113444
-37651
16771
-42252
441
25720
-45532
23334
-120276
37475
-17152
-34240
367432
-77989
4948
-50973
10508
-485325
46382
-4772
-42899
-54974
-512969
66382
-74290
-51574
-28281
-473763
119024
-85958
-17659
22124
77021
85571
47447
-21585
-61915
-5505
-61040
79546
-19794
-117589
-132986
9826
22921
7290
41675
-30741
24759
-18660
-177683
58231
-97044
-56990
-20554
64806
176986
17738
23135
2500
18310
19126
-40962
204807
277214
106436
-620
58324
32705
-32794
31552
-16432
6193
-28738
25395
35908
-152396
-45813
-123684
48691
-37
-128125
-40862
-20330
-56427
116734
617
-94241
-32816
-56064
-169132
125882
-59190
-30127
84824
99123
-114182
-31718
34949
56129
11253
424275
-53760
218568
-505049
42563
-160585
-203957
-44886
-208426
14244
-54114
-117412
99309
-214286
-58381
41286
250534
1076
-21215
-54585
-509405
-209519
38866
-133513
150672
-13063
2008
-11266
-134560
43272
-713
169712
79363
98390
423820
-237547
-10576
-60373
-249608
-19169
189701
-193955
281305
20167
-154399
-9928
-305637
114284
-471059
24123
187273
-138456
282383
-208628
-238385
-270907
-637995
34299
143706
-333230
-7306
-392356
90869
-200340
-548067
-175664
9213
93907
27613
529188
-110103
142187
32559
-271643
3773
-26019
-38686
279422
-19662
-333384
392045
216457
-68174
-396955
581963
-175467
291994
-13326
-228830
24427
-183186
-25639
-25656
-70294
429410
-171499
208624
-624123
-475099
-487394
127066
-422766
-73539
307942
-189893
-545688
171639
-134535
-171891
-296037
201491
303003
586802
-100765
124294
-429888
-329667
-222955
-80586
-395119
11351
210019
-339140
45515
-80061
122634
21127
-657724
-167520
-543045
-519343
-204677
-321765
-51440
-196273
-464104
64080
19140
69403
443767
434923
-304076
-563024
223461
-19523
-166850
66542
-279892
179450
41218
-94179
129040
152617
-89592
211469
-289240
-89323
-493308
101805
-100114
-467076
59606
315752
156440
-162400
-134877
-423565
-320240
-71635
617305
645235
-363228
195429
32906
-117080
-166480
-297009
173716
185575
148389
-31949
-56100
240134
51263
75635
129457
-169978
20540
599958
-163690
-220040
-106789
-59939
51511
-389441
-93913
-83416
123886
-487896
-466367
-79210
166127
-84674
-139856
-503774
-197930
-19403
-551884
-17190
127313
105471
-343842
-123077
-91863
419581
-283740
-64426
292897
618812
-5496
-57859
-46412
430612
-568931
148802
72395
-339552
-228073
-169708
-291525
-123315
51809
-298930
-669448
163617
356384
26676
192941
44822
57085
-406578
80085
-87049
36011
-454376
-236605
-486212
235368
21792
834923
-183714
127840
-17631
243763
70508
-127988
234962
382851
580791
305040
-434649
19211
94345
-572979
-144453
-465766
48530
-432990
16144
130072
519116
-149300
-53548
179385
66624
-177399
-56334
251840
293346
-102223
41252
-3311
-375586
-28623
69449
-481077
721898
-115254
-442253
86269
-614256
207538
-81621
-67808
-516254
34259
-54598
-353892
-307894
-149119
308623
361636
-23488
-518708
-194409
653344
-282735
24557
-179707
-412311
-455242
-368406
69774
201437
-60585
181793
656768
-678420
-258429
-297947
-104130
65731
508473
-83344
803620
-169
-166639
468230
78890
46005
444511
-637969
-389816
-48633
165282
-27549
-174184
-16593
61100
-243575
368937
-263735
520975
127413
-580929
158299
20218
160958
-144680
90879
-563579
95517
-158199
-149037
55757
-102880
541597
-290303
17991
-496242
-273285
363860
60936
528746
393428
-16200
-159583
-168260
-67419
-471058
-136839
144917
-9302
-163682
180665
-156812
-24040
1156
196307
-180214
-5395
-520241
7710
61716
52448
173180
-496498
-16465
-7720
-251604
-224669
159111
165801
49170
82861
115343
-249354
50316
-66046
-143871
197835
-16552
89276
56906
-391606
566
-134307
105940
3199
-54797
2819
-42447
-226371
-1134
-105268
-32151
-70203
125845
567914
32582
-66273
18277
-488532
119305
-212354
-418043
66400
105971
-42075
59648
144361
-229495
53808
168876
155340
-2445
-7151
96927
-519571
-208363
3385
-184549
-150617
-38890
-33373
-150257
-184369
-176072
10054
-56784
-33563
26385
73182
136240
290113
36499
210508
-287371
118051
51204
45980
24758
26845
-3617
73415
19708
-19586
-323
79793
34126
-14860
17307
-10651
-347975
660026
89304
111458
-341975
10477
114281
2559
184715
98669
315827
-68108
-177569
-107067
24660
288574
155506
-33069
-65158
-88896
-12815
140708
-107377
456399
46917
207198
14508
-99659
-563430
451999
47691
75322
-49102
63880
-136300
123025
-33978
31595
-136888
-307454
303552
-1469
234264
-83123
-188577
96761
-12303
-36291
112447
-12345
75313
-9697
169066
165898
341303
104349
47578
-237289
43889
290819
-82837
107283
-328270
24892
2428
3819
10847
-65081
82456
-12731
65990
-151946
-318389
-159646
-6052
-96724
150529
52933
-344297
-22198
-5918
-101627
129660
327923
4314
370381
440998
112750
69528
-36902
109232
17908
5703
42082
-29933
-20490
94164
7153
-76431
-40286
115382
-11616
309647
72491
54334
347202
-422218
-406712
87989
-14581
7017
-99829
-24321
426083
102203
-82346
-91652
355569
148912
82831
502566
-14791
92667
53456
-4005
879
40474
-362591
-121594
-352845
-224951
33369
-21694
11859
30351
81890
-247506
73221
-296741
-327067
11076
-168804
347661
-475031
154457
-43699
-251331
-364013
167923
-77112
382016
-234919
-191107
-27026
152752
-135279
-137192
-130097
-109155
-540006
164781
-13759
-10623
-300406
22325
-205253
147980
3315
30604
175909
779706
127132
168381
-261108
-124963
-72944
-62790
-32567
-29484
-163157
-108961
-45603
-178753
-125048
-26549
44472
-86392
14989
-30694
571627
13754
-202247
348681
-18739
-157784
338218
-299471
-91103
-54620
18484
-681293
-463481
20338
248994
-65917
-25508
152864
559616
-108826
-93685
199492
-166686
-15173
-196228
-368920
-170521
-576339
74801
-104450
486466
-454527
-76646
-74803
540972
2939
194180
317119
600556
48404
354149
40747
161845
51635
-436155
-159853
-225445
-206938
-42757
13581
78097
-197047
-566180
-7659
-142319
-447905
-420961
-154811
-286849
-109785
-367761
162751
-50443
-160470
-28419
435530
455230
-287991
69543
-29826
-412057
186015
-53967
412610
229214
227514
462676
709129
61969
-471288
-146301
75068
-284693
-23847
-33569
43069
196280
92778
637601
194280
-89281
-48412
400867
285268
211499
-497249
528573
-8482
14365
-194031
-254096
134227
-191020
-75933
-22626
-45922
316179
-341540
-4547
-149182
-53946
-189855
34551
-362385
89713
170555
62178
307545
-166322
-197926
-132011
709182
-125455
33162
-25986
-332020
-441403
-45002
-104280
195388
-410895
5354
-72257
98557
-70227
80662
254396
-262806
148960
22289
-284135
-165276
430116
-136742
-174692
-374266
76576
538034
298797
-287866
218550
-413909
286679
-211172
-10439
-64228
346885
-529507
-331573
2769
-311835
-468736
377941
79484
563763
196366
622953
-315919
78285
-608853
-983
225879
393919
187760
220413
75100
-62530
146619
155481
49666
-173985
-602368
-43819
106773
173448
102760
446018
193115
509210
-17430
55139
100185
325343
-166086
328352
-217272
101418
-231500
568456
-107864
-324780
14620
61187
-120768
41948
231489
-430792
-401982
-55891
-109900
34849
-296580
180101
144
-40455
-145295
-373369
-322297
185133
-168915
-174183
-38558
-360783
56264
-34430
94921
-117685
-56982
605476
-515207
287213
119912
-23744
-758891
-124623
818286
711549
-410802
-309820
30909
180791
338542
242660
155079
-475199
-59088
5856
-160569
-159389
228926
150789
-78944
466291
-565514
-8467
-118714
-450481
-143151
392515
-423183
-101764
-203824
-162045
154264
125391
-85517
47473
-35974
-51310
-224086
493864
-196598
-373383
367200
-279776
-141738
20057
169076
440724
-476760
37034
300016
657355
-723862
-351678
67194
-259958
520273
-223907
213949
-205733
332617
-73675
-24042
132566
-55568
267712
125541
-195276
491868
193683
205710
161604
-235279
86
235462
-311581
-29506
-185715
-125644
575302
-463922
194005
-317795
-496540
310292
-103336
-29401
-550345
344956
-118356
176217
122850
666120
-90920
-96376
-180897
298922
141195
337973
8238
-215924
142403
-48809
397068
249140
150565
88888
39419
-2191
251787
-199227
-369942
13118
-476480
-103645
230055
157957
-143423
19412
281632
-144097
-230575
-150749
3536
80419
42487
-397302
170869
-219388
7292
-328472
35108
-223768
492779
94525
-251986
-147554
-226324
12248
374211
240536
49347
8047
-44200
-147640
-22892
-197057
-237520
-488743
-392777
236330
-429445
163161
-351
9640
365339
-341009
-1572
-230846
183902
-517801
-336586
287756
-189461
-72139
-766878
-129979
-137548
11603
659735
-103408
-124537
-693580
210315
123459
-304650
196779
226176
-1931
61482
-57907
-17661
194596
705027
-582598
-247279
-71262
-175865
57810
-9964
172826
-50668
133001
376567
-386511
133596
-160734
525206
208190
56084
326940
-191532
-664494
69540
1470
-495203
-403780
12347
175221
282086
203386
364865
435793
56079
-80104
363426
157829
-493774
351419
-140501
-26184
-246227
618832
361626
-442822
62835
-215605
325690
508776
-599378
286499
-409869
-103553
7174
-117656
-6994
-754286
586553
23624
269839
288443
193939
-576507
-177771
235707
136124
24248
280257
-463327
-135763
32449
121238
183045
336768
506026
7257
-85678
-158987
448306
-560831
-190288
143307
7294
138489
-4205
37833
-523435
635269
-852337
-421393
-238768
-42887
-117992
-389605
175593
-444976
-459375
-156822
-203043
-177627
289377
253541
-425492
39327
-679618
74852
184498
-213944
244767
21038
131244
-334933
414099
-60317
460
115780
287430
11925
59572
311118
-359272
-212045
-17238
542151
182290
-135862
-608996
-118731
10216
391998
-117614
130493
-559873
-64258
-140097
-19387
55724
333703
95050
-37852
-104865
-117047
-576203
67015
369499
-85729
-45066
18926
-579147
-226020
-162887
397096
58665
112444
404779
303193
543675
499544
283639
101561
-519628
-179399
-92086
301453
97608
-373485
398885
-321157
-112994
-104460
-564109
-124546
-588431
-411901
53
43338
74622
303552
-310891
571703
12744
16074
-790197
351184
-532279
62067
12438
-312430
-368884
13854
196555
328328
-143332
775532
-366585
-39432
300018
-27407
-13769
454399
-4810
-339307
-50728
-139150
-106508
-109023
4812
47122
-111906
289417
-442003
41074
-303858
-58111
-244122
-459882
16161
104078
3690
-122046
28239
35353
-366985
311325
112162
185201
-622329
347217
84889
369189
155424
147666
62485
132034
36688
-40369
-113248
1416
-193901
113655
-147674
-34509
54810
-91694
599674
352607
-18117
348904
-639002
28165
-222358
76743
-523786
136449
-15790
-29967
-5337
107065
-533374
52204
-531995
-66885
-308108
627871
80594
62542
-481914
-192238
-547167
133771
261966
99053
101791
242714
-7655
-191152
101900
75305
-63483
-168746
54529
-76694
-567146
188536
-714993
-100064
-603797
461036
-228281
-136063
-152016
-148019
-141206
37008
133114
-277130
-116617
-111075
-14190
-357736
-338415
607797
85719
568110
-95596
160978
-84400
-269010
334628
92409
-765913
341481
-10409
-83859
-186826
218907
-236130
-194713
11033
-244638
-452763
-210454
-291357
-438552
-279822
-172701
282497
-200073
77389
-125092
-43954
-35985
-271930
732639
134006
-10953
363053
239351
-111398
-239145
-18627
-274239
310151
-456323
-45072
-269777
-411711
161779
-4031
85821
-407929
4713
-188903
30796
-231199
53972
-108326
737673
740467
561934
30270
-34636
-62257
128198
-568224
-213635
93379
-96599
-480684
-40151
-17306
366027
-128274
1279
-217984
285653
-731788
-46145
504789
195947
-67999
-124906
-52401
35651
-68045
-233154
481236
39573
-158155
148268
62427
63133
-364697
657670
-420816
57883
25569
-66236
-16020
188878
98818
-361105
-2505
114524
-95111
-268860
69334
364606
-419495
350300
-575693
-239487
424979
178163
-542355
-105118
407391
-9613
390510
153446
-263460
415170
-436164
-226486
48099
70072
-86783
398638
152325
-356864
53026
-580047
14880
-80438
-39061
127881
-585527
61521
-260426
82033
540914
6017
72528
94365
-90362
242142
-114605
15713
326167
65006
-74927
-30496
20914
-183553
443511
41354
348477
-567660
-313718
134670
-88922
-50437
-115225
31079
-432468
-106830
301739
87703
-92156
48493
430272
359206
66240
329118
-31824
-377964
175920
309284
-139036
-456914
146411
-259624
199941
-46146
-390752
-23544
-109
2227
65424
32533
-508467
-122234
194847
518035
-609952
-51381
78080
491315
96977
-227977
-184901
-203008
-239998
264110
280364
-70268
-674473
-522112
-186727
60926
-32238
-271895
-103786
169761
-67961
-26018
37674
99987
-43893
484104
123129
-588899
96124
153152
86349
-558955
-124634
162511
-74435
-34719
-187528
-117438
19156
89192
9450
-155964
-466512
-215505
-358812
223376
136225
-179850
-374870
-126343
-12916
76464
572333
725068
-83536
-395763
76411
-198617
-277521
-231142
-64750
-425332
182593
-108644
99657
-96446
-142510
-66040
83865
8119
-68965
-133346
-203797
201495
59714
-76297
-54906
-258964
-56059
-15859
261893
-135356
111760
686792
-14060
-364355
-404864
-228300
-2470
184551
-151829
-402488
52187
234554
-224669
22878
87742
-264690
9608
293045
7512
106023
-410443
-277469
323141
-22348
-36926
375930
26419
-75135
-407684
63838
-468366
-77452
-72251
-25826
-7400
81637
106556
16745
-8769
6729
148841
-19890
17245
84870
6007
48452
22691
22676
-17767
65183
29781
101792
89507
-27059
-53738
-1242
-47969
470026
-105360
-7317
195085
16610
10313
-83698
77800
-13307
-90989
163
-8284
-19052
6710
-36289
-35876
-13893
-80210
45388
-17582
50475
-5146
62081
141485
-308306
-29168
10100
71276
188934
-235751
-133803
45378
296669
42420
-35828
-151467
12572
34111
-48824
48837
-9543
1972
140949
215058
35217
-20654
-24192
2659
-57922
41125
340687
-334672
-85292
-58379
29844
-9805
62725
1395
-18122
150266
-32771
-5890
-32566
-79389
67025
29488
158455
40826
-28228
68876
-514181
29966
-20580
-9645
-230837
346976
-377802
18784
6151
71901
273983
376819
65703
-177015
-69715
29532
18676
-168867
25888
38457
50591
22653
-1499
196150
-192354
47140
33897
55144
4545
69123
84099
-138746
-6946
103777
70170
-45751
-17599
-27649
12160
20356
-2354
20520
-285225
-126329
12051
-52045
13776
-85070
38532
-48119
-350688
-11424
78777
29067
37682
301687
38270
-363710
-289885
-33067
-8886
85309
-156689
-143045
-14860
-41992
-87470
13574
12098
-71266
42095
-79681
118153
76632
-148021
59289
-82377
-84978
3607
4552
80505
13548
-61921
-24195
-98232
-82719
36708
72541
82811
4606
45686
18665
-10847
-3133
56503
-275884
14593
25105
-199712
73480
7696
2227
-245252
-60783
25380
21879
-63289
-88513
-88909
6531
-31008
180995
45908
-210559
-115387
-308342
13968
140596
-26218
34416
-115164
70467
-397334
42224
61194
-10530
171707
69564
11468
-285219
-2076
69689
-141583
-412307
-33612
-362305
104397
-36211
15017
49089
143591
114109
371803
-176422
98570
-487632
117888
-74078
-12099
3863
-7757
-251276
-68234
159529
900
165315
76641
-1617
61184
33236
-58141
-165745
-145220
34047
-39699
1749
34014
-19449
-102050
-35408
71438
101967
-1937
-292644
12203
127333
46088
-9667
163555
81669
-2383
196327
26227
-28404
-29256
70741
-70448
-39352
170592
60062
18474
-64807
-27202
-18539
-47225
-89421
24487
62702
25856
3587
22361
-123098
-126272
6139
19767
17159
-46671
60322
-45868
114021
88843
48543
13977
104575
-10122
11208
59246
19971
45493
263049
56808
38165
47057
15016
78365
60472
39048
153881
-16091
41518
23028
-15657
-23211
-12373
-7209
69447
-42333
-121180
-111064
54277
-3413
56884
25264
-53411
272920
-202538
22790
-29100
-99776
-108
532480
113732
-54303
-11883
-73682
-349902
21597
187657
12082
-20961
-5527
45120
97048
-138928
-31142
36260
193408
-15299
169839
-274895
-23594
169989
42174
-59321
21269
-58670
42279
-19273
-33706
-36122
36307
30747
-60195
74208
24189
-210145
242212
-48386
115948
113686
-4596
-3209
1152
-130602
84971
23298
1600
8511
158982
-56399
55165
139168
13707
-87116
-156211
40860
91592
125894
-135768
248323
-19628
-61782
-254402
-86710
-273748
-91756
-5937
17627
-16202
-19756
37989
157870
-72556
-120739
-27994
23371
-70084
-16570
-5109
-61195
-20065
-426593
-162230
16235
-35215
145259
396410
105376
-39991
-26442
16729
50989
-138667
-22551
111025
785
15042
3357
-118801
60804
-29164
-42740
90182
150596
32160
-110081
239513
-1675
-19309
72112
84074
-151877
-27690
-24567
-359
10427
-118475
-37730
-20243
-39946
-24782
-45057
126201
42940
78415
108819
7867
52420
-55341
46408
87942
2713
253747
8099
138287
1066
32148
-45926
117698
29301
9274
37111
-356435
46350
40748
-4171
-27488
-20578
-384643
-18463
45463
32609
-7013
-77892
-8431
36371
24425
325789
27309
-318300
-284830
-111889
18058
-24776
11674
80538
-12325
71862
26755
67449
59154
-116673
59176
68476
-8019
-15966
-28972
154075
-40134
52475
-4172
-6440
-5644
-3214
46099
-64877
-14329
-14737
-18262
-57732
10013
38894
153855
191244
71657
171713
77785
-135877
47664
-2780
-39763
211004
-36967
19911
123478
-49651
-97176
-47906
824264
860
250368
37515
-251673
-101354
201353
23953
-48656
6512
-9420
-15171
-99041
-118708
-50541
-385378
-10877
488147
-65066
242776
-9914
139554
-49491
-346066
-33312
-11429
103142
-21313
-128694
330826
-23039
198977
14996
55549
85159
106559
75482
-158973
-19627
-311867
30265
10437
60937
-18646
109031
36925
-20674
-175062
111971
58645
45030
-316670
-97547
-12768
-256782
-152715
33450
6625
-263202
-12604
11459
-205838
-371026
-74860
-6558
-3281
-41625
328
36884
50862
-73950
-3218
597352
275422
152967
-40735
-120722
-279922
-195394
-23674
-10900
169240
26206
14594
31763
-51066
13863
391800
1150
-15239
-252406
-49365
34658
-406760
-168678
541824
43381
-123789
17012
63279
-164304
-57845
706224
-338350
153035
242108
-20065
-74863
-16327
73242
81862
74595
100644
50146
37191
42129
75333
-242342
323433
190317
-41468
-201850
6822
-85569
-24714
-158677
-375918
60366
181032
-317863
108142
-312613
21513
-68583
14713
148938
75226
-22454
-12537
-113977
32898
-35744
140593
35972
102855
67762
-14805
49675
-332231
-26232
140172
-231040
14263
179957
-35460
-112392
-19543
520914
79951
167389
67513
-33775
-234662
122906
-11848
162077
29351
15735
-7119
-90139
101213
238451
-945
-136562
486769
-107017
284434
-167700
-11382
-138620
279132
-76161
26670
-395658
-4258
-441773
-28986
491545
-165458
7550
108680
49845
-3361
33807
24397
283042
163971
-353686
-36997
-16595
18403
-30868
16966
-423436
-53856
-293214
-292260
-56669
-27411
144700
-134340
47108
35710
-260480
24534
-226966
135648
17576
169277
35987
24555
13272
-78814
31066
44224
58562
-12696
55602
-81627
87307
196141
-380636
99525
-62300
366164
-147801
-3581
-103594
-123686
-360348
76267
-318510
175000
17412
-98486
93337
-364463
40848
-29794
47632
-211203
63884
-13265
6226
-34461
115192
-283689
-77690
234920
139075
-13051
60494
16307
249334
-392810
32819
-224605
5069
120032
-381433
16243
-84376
326535
22585
110299
-192269
-31907
13993
-36581
250462
1333
-29635
-25823
-82089
50167
157211
-282533
-134788
21345
91028
94682
80815
63272
18214
121538
-6846
238283
56675
26165
142635
468793
84447
313078
-157740
-10484
24825
134146
-25590
445395
88269
-29462
-286559
-13228
-150441
202782
148215
-44618
15943
520220
-74692
82774
-247054
-224960
54861
-318767
-81066
-7584
40216
131391
-25752
-128863
-48658
-106520
24560
-4191
118826
-21194
10344
94500
18212
35181
34817
99889
-14462
88307
-32109
60162
-59862
42872
15375
11080
10157
25135
166854
10086
-143276
561452
-144315
-24363
-853
145741
120406
12932
93188
-33310
37268
192168
-293668
273547
221334
134872
-79405
1891
-56571
-317682
-134381
17033
-150881
-42032
-49193
45045
346
181811
-25416
-478848
17538
-213353
344302
-108532
208101
47759
8452
-8436
-72396
146531
54237
16940
-117262
73068
-309095
4428
-80581
12427
-2080
114289
46406
-5263
19128
197131
-254373
3885
-13474
-349015
-403842
43497
209696
48957
124878
-41981
26119
76154
-68928
125631
-63063
-194501
-151398
-62453
5124
178437
92380
176525
-39916
-8587
-190002
25172
19327
-753211
140712
153751
413743
82408
141695
64142
-53058
-14814
12099
-131672
27918
-119555
86193
-9660
49575
-49110
35877
-361951
-340037
28426
3845
-31583
-426546
-5467
-1227
74044
-152713
-14509
-32928
18702
-143884
41192
-164614
34348
39238
-28869
-205727
-15336
-53371
24033
68609
17612
-235891
542944
24091
-5772
352805
38970
81532
196165
-79437
32987
-18441
-39023
210634
-15258
-12714
115296
-185450
70067
34056
-105283
145025
-46756
418866
517861
-276068
-21531
23632
56051
12861
-26624
-27855
115001
5821
-88851
13678
65926
-1144
-36568
57107
-31222
-150592
33938
-5549
108729
-315728
-34579
-54307
62631
253766
105819
-393810
161103
-314120
17444
-57817
-106779
-1106
18511
284809
7374
8959
28992
-223882
14217
66461
315843
129175
44600
-33647
-95926
34016
8376
24706
78255
245556
-10230
-106097
29839
20237
6722
69
-19403
-51403
-92799
-271252
-297204
319186
229556
-54685
151458
-115933
-228244
36622
8793
-9909
-2075
40708
40626
-73561
-14561
-212284
-215145
14376
-125611
-294051
-12162
205551
250131
-191550
9223
-39322
89546
-114964
-37403
-115995
9232
-19376
18877
260628
90210
-11807
-66382
451340
-256002
-432722
283333
1876
-36967
-193631
47945
-26046
-149762
-3812
-14287
49593
-142230
-8558
33901
-3115
-5584
18741
91387
28772
-68110
-28365
-5166
-26809
44878
-63681
-26574
51621
50157
-34821
-28867
10394
-54851
-42482
-21219
33978
-205482
-105952
36318
21874
-5171
-22317
-63276
81963
-146138
433343
125079
-8420
-93152
-41566
-2387
9892
74990
126036
-388520
-17263
228751
-170034
196022
-266222
-12300
-132438
-19665
-306197
-352138
-19683
228214
45517
-91126
45825
70651
22217
61475
20733
61772
26393
109654
80943
-14789
80949
-69090
-54105
-81468
31347
72879
110700
147274
-214283
72186
-262779
122
-994
-13189
-119284
-27408
-401063
23382
-268439
-277
-520501
-127526
330
70204
-94761
139980
-57033
1094
-23235
-108915
34150
188232
76423
-147153
58895
27378
-134576
120045
312331
77437
1687
-1309
-64907
81848
-284843
-19792
-662202
85809
-64296
585644
29184
87635
44907
-2229
34997
144185
-87429
-220672
-295572
24302
-87470
146560
24149
106360
46314
70394
-56921
182916
-290880
123770
-26364
-160773
29101
14454
229643
-30647
-149441
110035
-339366
-314807
-13829
13015
-32552
13230
80314
128017
-154842
-506496
1675
-19926
20316
47763
99835
-385198
-160219
-150873
146718
53446
-2172
174212
4577
11667
23819
335605
-151564
337802
9661
-14399
-285692
-146162
-20694
3743
-41218
312008
-65512
-346910
78714
164466
-30933
-6899
24912
258516
597211
180647
224254
-4191
34635
-198798
-91113
384110
-79896
44928
-79079
-72029
5776
-32393
28835
37026
-16749
70076
-164092
-585895
-112129
-131343
-299874
199243
-14432
-4451
47649
154556
-251948
-28213
86503
10058
-43514
214878
310438
36031
23296
82926
52768
87227
46441
-349478
-464382
72367
-8234
53701
-360991
53272
45214
-153820
-116800
-484
-221333
-70571
-20778
22995
-246346
188718
56764
-25655
68060
-264859
22468
-156448
262799
-19822
173890
-21679
-955
-233625
52853
401127
74139
4552
-182080
3341
-6604
-63311
9847
-51222
-9334
-102188
118664
39416
42831
-12734
-9552
49304
96328
-384365
5204
9644
-58324
-39176
167376
337013
-310221
-140013
294924
50147
-453827
223738
10054
-113077
88853
-135208
15557
356544
61201
16981
105440
179031
-196443
67497
33485
163763
-218646
31297
43049
54396
-78470
-133075
32409
-77200
-7578
-46485
132690
184951
99758
14602
30052
-42204
-157488
-5578
16502
-19148
-24079
8017
20202
-76922
-359629
-122512
-29837
-351640
-434443
-118581
-435698
50963
-167954
-23547
-167346
-257571
-77660
93663
-178098
-75570
193776
-199863
-338662
-118754
-263312
21983
-397978
53406
48532
121249
30777
32152
5255
4162
270128
58421
-324808
-6247
187071
82839
-496105
-117033
104216
70826
-114496
-49640
53136
125351
-302393
173393
20360
37187
-14735
57593
16985
36811
-243607
-202741
-185280
11237
225062
-63199
64036
1098
7353
-97310
-540184
-201715
-476062
-152666
101386
396749
181363
109919
111028
529722
-154069
-107561
-15163
88114
142115
-96172
38060
6856
-68635
-10916
38130
-103241
-4191
16218
274600
193265
143797
-29878
46335
-296109
-190001
-137823
-140090
370957
-57763
-114886
31507
-22386
48636
-22697
84346
-1523
-22339
25532
-15584
75279
144634
39613
-11609
328040
111104
90224
-165803
-56981
141133
-101523
-358046
-372509
-167230
-21000
166334
-276728
211216
19810
-246584
-44756
33266
-28768
10921
169527
71875
-69575
-532777
140211
87860
-361290
3476
-149113
8784
-99767
-18251
-17282
-322459
5292
-5951
4479
-46819
-152369
-99346
-32227
108915
-1202
-59188
24306
-272653
5668
-30987
83248
-155044
12294
-19980
67971
349095
29342
-27827
-256853
-167593
93755
21626
2141
57649
-64778
-71703
2565
29842
54520
-161932
111094
-8423
19744
172850
-14271
243803
46941
264126
-297675
-43052
278151
74234
-4456
-18068
21066
579092
-188241
-45460
-334339
-360146
38869
136833
-46156
-272440
292167
32182
110921
-289422
-154111
70333
13888
-12323
-80074
-5505
93346
-206783
60787
75730
-79256
-94637
43884
34725
-103777
32355
-42415
18768
2491
70455
232482
-24343
52990
387128
-43947
320923
-142650
-83120
-8499
-108367
-245717
-179450
50454
41207
-195056
27809
-62092
307421
-23230
129300
-32619
1678
-13008
137044
-450312
47131
-415210
89450
798
80571
77498
292303
210198
212747
-25922
68948
151417
-41978
12303
-307612
-32519
-44874
30920
53338
28684
-355453
1665
-12694
-207255
29745
-98241
-40549
84903
78435
28896
69783
-107679
446528
50707
35564
-3251
-205852
50663
-71186
194905
-11040
23932
82417
-43263
153122
-71691
-253305
19738
23887
-167871
210491
213477
-602464
-20757
2485
121695
-227336
-415535
3355
-93542
343411
-126277
8733
515034
38938
622060
143083
-117551
-29712
889
-67481
17763
-14493
69113
-28009
-14525
17921
637
43097
-30935
41307
127834
-373660
54265
38115
-127693
-40886
34876
23903
-16653
378978
-49655
79155
-141386
-160439
85936
297410
11560
-23928
85814
-9641
29162
51990
77599
151645
137806
-12037
-90151
-18722
11973
98720
67218
-84023
53957
-397633
-5844
52956
8095
50689
521
113380
54137
4483
-31751
53242
-62697
-26253
16517
-51853
-118628
-432319
-120587
78539
2725
-23144
-483103
-15247
-173540
30488
52908
22654
-85477
-164634
4012
153974
-16508
108386
57696
26863
-28377
-31425
-47576
129701
153508
-73199
6129
-8230
108684
14931
10387
-6226
-48705
-106302
-5790
-780
-30680
97513
-113327
-34590
226562
162959
11711
38490
48641
94237
-315418
-40158
-102123
191606
-87262
-56228
23546
99158
-9155
-9929
20835
-279642
-19578
-10555
-122724
33229
61408
-167311
19831
32688
133371
-55833
-37361
155630
-74674
-263846
38271
55653
125341
-25528
-47929
341108
165944
-30265
266370
-22156
-69660
107378
17771
168355
61871
-51709
-12679
-189886
-14772
121270
57144
122957
383189
148558
-208078
-4116
59557
-264624
471241
-166868
55972
-455190
1589
13694
-22999
-5737
-250939
273419
-2172
38509
58879
-59870
-391978
74170
-305998
33591
-3555
-166859
-28355
-128710
-38709
111901
-13143
94082
-120316
229708
-177740
-71708
-75739
-59108
172943
-118815
31919
4605
88803
52221
67832
80369
-89277
41637
31267
-197402
-12951
72272
170
31340
266971
-113866
3697
-11632
-256679
-224662
-39867
-41476
182017
46303
-12731
157531
-268765
-659125
-1998
32346
-7056
-8673
31862
-13545
77322
-271645
14033
67786
-90165
-541823
8564
74097
-321672
-9249
106691
-13685
-5583
99712
11597
36582
-1232
-73222
153666
172779
-23700
682
-72299
-479391
47970
10491
-332667
-157357
-14021
86793
36417
64186
38728
56732
114927
139088
30203
174191
141002
-150896
-42109
30122
-11753
-61944
7391
-58648
9665
54073
-10224
84077
6246
-533
141251
-5962
21164
58784
72370
-6231
-10575
28533
-63461
-23102
55184
21617
66344
2548
-36102
-12930
-21758
58841
88517
-48575
16867
53325
-100648
97237
6341
-18298
-80650
89243
80004
-148610
28950
165794
40797
-98820
57276
298080
-24
60600
47214
-66735
33266
10369
-63032
140555
-314682
-4860
-299760
-55835
-7017
-19767
105386
165873
-35314
107752
-72133
-61406
38316
-29397
-15554
-25439
-7832
72734
-26200
-140588
134500
6427
33637
130944
9496
221341
181515
156642
8993
9617
71491
59089
77185
77817
-5769
136384
89914
21199
12744
86063
-68737
-231437
-13595
-80933
-16650
-139190
-177596
353135
197178
-50365
66119
40393
31872
5844
-87617
-38593
23393
195812
17416
-149407
65344
10257
57711
-28395
39176
127596
38356
28026
1362
30887
51263
-46647
1607
121143
309778
-15633
9713
-312782
49166
76637
5233
-20949
37398
-40858
56050
-81050
213004
-1227
29718
-32304
-45943
99218
35717
42757
269522
60852
-3237
104860
40202
2697
96878
-3954
3942
21735
-106584
41885
36160
-31852
207978
9146
-11286
1147
47779
75822
188081
70366
-95305
-44881
61977
-109233
40206
-23247
-52873
-100685
44741
-4918
486832
-48363
-20512
-1100
-74598
177285
41328
92843
-18428
-1980
38638
-358769
-157223
-184
-37615
-198712
-5698
-366362
149074
-7305
-14623
-22098
537472
-30949
473342
38595
37894
-340612
118653
-139798
-170802
30945
-23939
155112
335410
-41092
-13554
24459
-23139
-172835
204054
-329390
-62788
5179
-242446
-150829
40132
36737
-1672
-3608
129527
6801
-12132
98159
27824
22835
43869
-83103
208176
242428
40398
-2149
125323
24092
-9804
337923
58560
7723
44372
-98701
22578
123310
-29841
193147
-49938
-130495
-137950
54969
-17411
-107992
19610
-209083
26380
37262
-121884
134978
51914
12957
85278
16171
-25086
-80232
62890
-23900
110597
-47782
-26995
-287984
-126904
28658
65569
12696
85277
-22097
-49657
-42699
-210300
-208511
-66869
-3689
329930
-155700
-73456
160368
-306447
-48929
31782
-451132
45020
-229294
76138
41264
-84515
-10763
-49948
-1052
66620
-398429
11487
-121378
656435
55419
56721
76156
106860
-314033
48645
-115295
-268272
-40459
139307
118623
-445237
31510
13123
-112
108414
73133
-56183
7060
233201
78663
-177060
182908
11654
-228150
163664
-39476
-164017
65182
-12189
28142
-162288
-71904
-342818
-17829
44370
-354932
-27651
48358
-19063
22142
40313
-3522
-32281
27032
-210682
-3776
-10908
223800
242662
20295
-116204
-2317
113993
-109391
-203301
14319
-8730
37934
100989
34539
-51106
37809
82812
-292744
22171
163141
-12256
-140836
32639
-24203
22595
166484
152059
-223158
113795
25815
65411
42637
99081
-102953
170256
-291967
-68853
205287
185641
364423
104739
289202
222675
-284359
12843
42869
-11833
114590
-304300
249131
83692
-56368
-3493
-35770
137432
49334
368067
373993
354285
175566
-84175
183334
50966
-374470
78608
-4411
-356517
-76474
-145307
203083
229764
82187
829198
-177844
101470
42415
206779
-66854
27859
-338002
146561
-95218
92761
-64890
98930
142735
-360675
98724
35511
-18978
37083
-28773
-58182
-161845
117891
-272762
253352
12226
-11112
-52453
66375
79233
34493
-23696
-212692
-68334
40157
-27885
42795
17119
191242
27260
-105497
-60394
-63525
-11418
79196
-404062
17659
-331223
55624
-31029
-17042
-13433
178533
-113789
92168
63265
-184603
-476330
-39743
24258
-155037
75209
-26701
-283464
271298
-244085
-10543
-160298
-83207
30048
22715
-131519
567
-81470
97195
-16452
-3663
61006
-35147
2704
-1634
-56457
120210
195932
21262
-337342
43400
-143105
-25384
69887
-35547
-19899
59636
-11535
212945
27555
-407718
-90486
-7327
94233
-319662
-17856
32599
-197423
456
-53925
23003
95111
97678
89512
11238
-12737
57913
7060
-78560
-488662
36453
-90368
-111233
-75764
7123
-226581
132167
91275
13047
-292878
-37530
-88063
-7387
-13425
24372
75640
-354685
-238525
29705
-2298
-53052
12269
32703
85601
-21446
67065
7401
-91036
80404
-292203
-32674
-112307
-4540
29024
-242003
-54576
356472
-35959
197763
-145276
-82928
-161829
63031
219826
-55205
-298968
84913
27531
35635
168719
-2437
187718
279766
100086
34422
4405
-10217
117352
-95575
20006
-414793
68431
-208190
30300
184210
-10260
33285
-5816
-66692
61576
69794
195149
347310
28860
45771
-22632
-11078
82372
123178
-33869
-162244
196326
-9819
-70247
104191
-153172
-6770
177639
59866
-24658
-60213
-1502
-475456
-172361
35711
-366170
154568
11048
390202
94688
45389
-350283
39125
-81298
-4766
-227048
9343
16041
-134485
3585
121103
251031
255281
-191481
301
-9704
148437
-49020
-64094
187442
22437
13137
20348
420176
75004
6106
172249
179389
35229
111682
374556
43109
180482
91357
507551
-186597
34241
-263496
-20700
-134877
-19560
-92241
137942
-26988
-30657
84435
61971
5324
25445
20282
-310265
-539965
18570
15397
-43159
-63434
11476
-108582
90129
279206
3592
-274903
-262593
31180
-17715
34878
-11000
-1883
89749
19161
172796
-82947
-77496
20462
49811
226121
353165
637
24470
-133565
54791
14571
16155
-29573
10094
5511
61704
79848
-162318
119951
36248
82895
62084
-274634
-57525
-76966
-188645
-66948
25811
54733
-1160
-120666
53785
29109
-7802
-9441
20898
144774
17402
-21734
-22158
-12088
78729
-54512
-344702
3099
258947
-140094
18458
162700
-16231
-165577
-30855
-400981
1746
-53149
124032
-452917
17207
-443880
24751
-15042
1826
-182699
45766
-164172
72279
66429
34704
20441
98786
-875161
67821
22237
-200588
-163838
163295
-86119
184716
7151
119438
-193908
-512048
53696
-49722
-8800
-250794
56067
-11965
-367702
67275
-59205
5469
-642
-136203
-32868
-12802
-34156
6311
-46846
-19688
-156129
340792
-48758
399902
-462886
-179836
45911
-18345
-149341
-55998
-35394
81896
-110506
874900
122054
-55310
260925
-52999
366
84708
18477
115169
-77299
167746
128508
89330
14879
192772
-21615
217972
26330
210003
51193
-87430
156233
101126
91803
93200
214
-85111
67242
503562
-254015
68834
-110053
-293202
153477
-198485
-34864
160022
6564
257097
-241178
34085
-698464
-39982
-94907
3985
-52776
133886
107867
-121293
-89353
84844
21221
347202
-22217
-78066
-46238
464205
-11928
27504
45402
40824
31335
21511
-50196
270371
70342
67849
51236
166692
180608
205199
-31039
-139997
7221
1901
160734
524326
50325
-29449
9825
126106
-36535
-357538
48996
475804
-2687
5011
-38030
39253
26962
-364775
-58864
28635
182001
-18766
-21195
-112477
-36977
152831
140378
6836
-173544
-84290
1983
-21529
132674
124539
-368591
-19197
-302709
49807
19766
49310
18585
-27443
129048
14032
-10773
27996
99298
71983
608789
78871
-83080
401
-20921
1876
11942
46078
14250
48918
114722
264039
54436
7003
-25472
101993
-9102
-243879
-4058
110109
-115140
-79158
1148
10547
551
31378
104262
338656
-69660
21624
126739
72204
-336754
72955
42429
20814
-28430
149712
-320127
39645
-224251
180897
7107
54174
31460
69344
73690
56497
210754
21686
-1874
183149
25708
42203
134890
419378
123244
-65414
-68402
48851
-55685
80493
-19506
1690
166322
73877
46758
-165283
80517
17059
-102419
90791
1048
39209
46647
144147
86082
17957
-201666
-68443
69349
-121472
-1586
-27206
-21429
11319
92179
-131794
9343
826
12615
18523
-44621
55092
66402
178536
-97052
-88330
111284
204173
-35864
-189899
12996
5831
-60947
-938
-61316
54880
44576
-199688
-157946
-7762
-47905
-33938
59389
-188632
6960
53365
-41148
-9944
-161
94074
41105
-83822
26444
-100870
44606
-13802
11127
66190
-12832
7606
-123165
16292
252928
-335127
64614
439894
96143
-205
-99066
238741
1619
32884
48527
30023
13000
1914
-11338
-45217
-26994
72042
152973
29304
23361
9791
30571
-30361
64954
12229
-10841
-26530
-5357
49475
75489
-36313
-17055
-155567
-425197
-587
50435
-155076
17132
-241262
110649
9805
-266749
-102031
-30987
57852
20014
-9484
-212269
-355658
232920
-14039
-232004
60819
7757
-135464
-288019
180917
4962
125861
67172
-14187
10281
18197
22279
-185482
-136272
134788
25828
8309
19154
-284018
56322
-72819
15002
74191
81575
29966
-356256
-227961
21932
9800
-222967
56021
-1095
-108736
50519
8256
-19463
206761
-166758
90699
-62011
10986
-250293
124963
66307
-1337
-68937
-286785
-208021
-146294
-182051
71979
68341
-26018
-232977
-42067
-116756
-156773
12477
-21596
-13332
418441
-37225
-83976
-27612
-171477
-12265
2830
96451
222184
-27319
-34441
6267
746154
98923
-27291
125354
-103311
-129365
195694
-105413
28324
79259
-15102
-17168
310842
11429
108170
-50862
111939
-10713
86162
-182434
77598
94376
-99930
-165582
62901
-28666
-54308
138797
268130
-155589
36946
-171277
-287
88704
34769
-157970
82428
-11428
14513
123111
-3791
-25500
160525
-43246
-16042
31234
3014
45928
25297
55167
-349639
-30511
-275317
89378
-50726
-178340
194098
-149972
29119
154596
19340
-10729
95265
50332
385
273460
-40445
-879
-86458
130658
-83716
285853
87343
-51324
85856
-35014
-941
-261888
-894
-54009
-117488
-141636
-208731
-57580
-216560
70388
-50183
-127470
155814
-46489
-2360
32733
-31882
-36076
35127
5682
-9740
-222635
-478
155678
24062
-19646
-58014
133441
24110
-115479
-35139
-483146
1341
-435008
-248078
9722
158567
-351617
37932
18407
-9473
-103562
1269
-62704
-95938
25910
-3673
67459
88408
-103908
32838
33423
27051
-135033
133196
76148
39198
143330
-15264
-107323
3911
-312693
36646
-147873
309768
-19040
-44542
-231948
-37075
46795
-73523
88122
-12733
2058
-23168
-28408
100459
40320
2434
-274114
20078
424905
22352
114460
567000
-206954
-81681
321315
-216174
-476705
-11200
54657
-190071
-31730
43975
133307
86536
-49630
618
167667
31859
-96853
-23264
-156305
76484
-188319
74452
34282
-47539
-9278
-138708
186661
-66099
-261186
64486
176252
-243756
-63023
-52876
9164
-208741
23799
42787
-505648
-10832
-103488
296625
-9082
28484
-40387
33581
-198617
-329088
-241644
329657
93894
2464
30137
-75202
-263402
277246
493531
273575
120192
-321547
41263
11125
-37144
-40104
-181250
31678
-15435
77205
-39756
-430428
-133200
86587
-50242
-17194
-13543
47620
181211
-29017
-5018
8560
206346
-478
32803
76106
-51312
445104
41030
-74238
38858
-108501
28547
10534
-152015
-47195
-176003
-138407
-82509
17041
96900
27745
62309
-12106
-270236
-73366
19516
51700
11504
86739
75528
6009
64875
-45065
8529
18053
139997
-19976
12130
73854
-32231
-100337
423780
-28670
35461
-43928
-34524
8657
9677
27407
-319776
-77856
203482
-120009
70155
39665
-49796
-321230
26435
-13788
-43709
252848
301962
-193507
93581
-50763
61454
82
-142886
40410
-21812
-185591
-70737
-89774
-237772
-229165
-346770
-12724
-58507
39020
68344
205275
60214
124078
-462762
128506
-146673
23337
-11571
-40152
255887
8196
-363359
54119
26920
12008
22296
80115
-17127
1523
-2699
-131178
141959
-39056
12733
135467
4016
-18352
-200299
-39993
-15841
-27715
26002
-120826
38388
-71221
-548206
38471
4746
-22014
-36901
3248
66108
31708
163573
-110307
-236860
77370
-77745
-75183
-58670
544254
-12564
4268
13255
108984
58628
94338
36708
405527
-175547
59297
-115610
108684
-170402
-75477
-31664
239181
-27736
-387109
37853
9071
423367
34074
120932
22661
-12529
54020
-264884
3245
-301506
23639
-571378
-32478
-13274
-9866
112787
9346
2594
2820
-55388
-3577
6812
-75087
167727
211814
-36001
63081
-373470
-136397
-91235
30031
-56784
73879
37299
120987
-201637
13685
-18942
15157
50743
59756
45471
218868
-250398
34900
49144
31291
55186
33040
1329
58673
-169776
22341
116147
177234
-19778
376183
95397
-258730
-63739
-9288
-8743
-26310
-105404
-30625
-79185
16613
-628292
-84827
-38632
55866
94829
41420
-53873
-69607
95674
-95493
-11463
145761
12340
-217108
-57116
-18380
-47870
-152896
28904
35253
28924
61836
-23314
13027
-67046
26321
-15501
124758
-82038
-68553
-263671
42531
-128261
12916
-26794
-36954
220528
-381666
369884
-49572
9021
-8491
-62529
124808
9439
-11014
15192
30522
136291
261429
46573
-9107
86222
-119277
7749
74225
184520
-16689
230512
-202242
43345
-57341
-63130
101189
90680
-125900
114655
21503
68933
-70466
301811
-33624
82489
-311759
-337322
4256
6862
86335
-10483
768
-43985
275888
-14079
295949
-80342
-7461
1106
7726
19202
74490
-82433
-342645
-192142
62962
142465
77772
16504
-11634
83387
-194597
25128
23335
1720
-23375
-17683
-90389
100858
-95030
-1441
-8804
-330115
216660
-229656
-68564
-42999
66952
-136331
109669
15646
69407
220924
106936
-9990
-346354
53596
-62984
-377801
-44374
-391330
187319
17993
90126
16757
115767
123456
11452
107276
-26707
154440
4553
1719
43335
92334
-152671
-73947
-533757
106605
13062
254290
-1888
-415733
195262
-18520
-100108
143956
72617
-116110
18999
20777
-12733
-153489
-114688
-440725
43319
-11838
-43487
85015
35383
236597
-287489
-382060
64044
45350
28313
-32911
376160
47090
65921
-190924
189767
49354
-14408
-2524
-7008
-12489
-56428
-29505
-174749
93595
-57174
-881458
-3325
46829
-220652
-5630
291141
15827
13347
-34541
120262
-154869
5532
-60166
2871
-269781
69107
-1322
14932
28053
32258
10877
80314
-10076
68171
-16683
13796
132806
40013
22332
39339
32448
41266
-9156
18416
-341217
3108
-13638
50275
162541
-43295
504
69869
165585
2086
-32741
161265
-196423
68235
40001
32216
-291140
59894
-149962
98764
431501
-51386
36596
71623
-25140
124356
290222
-255134
82878
-151037
-260986
32374
38415
340362
95416
31101
108392
59934
2482
46295
15135
45852
30548
19164
-342542
-68492
-170352
8613
233764
-301196
-9155
-6344
-50560
329277
-567728
-77090
-24575
-6005
-162592
14023
98451
-308384
45797
3550
-8521
276255
-20957
-17220
-11148
3668
-2712
78784
144099
178057
13906
56102
-99179
-400276
13943
-164239
43551
49479
-201506
86252
-123186
23565
-132492
37121
-16160
21354
224519
-47573
-230296
-75921
57700
-143739
20952
-36628
10681
-514305
39897
42081
49811
38889
-94742
-140525
-478787
-25465
-51560
25414
-23990
204179
4996
-41289
-36611
301547
-68781
8924
-342764
-2662
-60793
298983
45855
-99060
-86325
-190914
-34544
103524
13237
39103
-176020
-21142
-30739
27947
60143
235624
157077
29918
43805
21867
-262610
-78800
-112985
820038
-51633
165814
-33506
50980
465554
400
-208268
93382
-722600
13117
-30666
59999
-31064
-66481
-107756
-433425
3617
-171900
22158
57972
15209
41594
57824
108867
9812
13312
21626
187439
69460
-15835
180021
38562
40676
-9264
-20295
35451
-104684
-457896
8858
250598
74205
-425
190664
431188
-9057
93897
231664
48992
75533
-7762
4364
44829
-3492
-165015
-96800
-843
-18061
-106337
86643
-75648
3603
-14875
-480689
1692
-76950
353974
-35974
311313
-8348
-234634
-13667
-42765
15304
-19893
-8863
-199939
8753
-62534
-17806
75043
-125686
-59809
-7852
30515
102914
-304521
-26765
76957
-118191
-561324
59092
10986
-75460
18987
10278
122182
-283051
2661
-106669
-25908
-99413
30221
419897
-135364
56456
12050
-1725
1777
12377
67001
14375
272433
101527
-2666
144616
33556
51331
142045
53020
33649
24093
144678
157044
-138833
32885
-193331
-234757
-271459
-8429
26634
33286
-54437
361421
-49314
-107170
-7744
-38404
19215
-78632
264879
-354787
493993
-48827
-602
16599
-343053
-155070
27403
-257100
-12534
-17087
-58776
38223
105106
208458
-5451
-38651
-34729
1343
-81726
-358922
363285
-87141
-73103
4548
-47055
-154312
-54529
9874
75106
40131
106368
155834
158406
38007
-8161
-9221
-123612
5743
-2361
-51098
375156
-405459
41918
-55059
-233073
-9144
-351063
-32943
248957
-22672
54008
-62484
-104772
32612
-348232
82259
-8091
239014
347959
-202748
-55
-17919
99197
-256721
123683
72598
-110385
-265711
3853
-63682
10437
34871
125460
-100204
-106678
9194
79041
195462
43264
62562
-21797
17802
98900
-118234
61512
-530797
-25825
68057
11975
93640
115984
79160
158987
81583
-138753
60193
-50347
63800
3304
623988
1713
-344190
-120483
-128686
5439
-175604
10970
37969
-18261
-16405
13481
234068
-45240
-198558
165589
-107011
72620
-98967
558446
-35712
-239439
18559
167674
27736
-176457
-166658
-384392
-346058
-126021
94457
-368943
-14349
-2220
-24569
-21590
-785429
-109843
36225
188191
45823
14103
117920
95988
77741
15994
-30520
-250880
-34653
-20290
-24769
437905
-155204
79970
-56365
-23631
-626769
21419
221014
-8008
89929
-112219
55637
145803
4810
20831
-92122
-154742
67508
-15401
-135528
30198
158860
-1570
-52496
-180105
142907
183489
26500
-86823
444393
90770
-55235
68054
-149314
60936
-69859
14704
-28403
104323
30310
-7349
-60927
-340023
-358281
-66584
-39561
-488
9688
16349
-29610
-162316
56784
-408693
-354570
7132
-257132
-3950
63356
32607
19560
-8383
-20743
48021
-26336
71666
-2655
-18043
-105861
3137
33178
-430431
23972
43604
-20406
-67744
-83179
207881
-134036
-50476
18486
-5661
-137597
23119
24892
68504
146577
10504
-45702
44844
208583
-395047
-134476
-87206
41031
-65005
-21899
-14170
188074
127558
311088
108977
-336917
-32867
-74477
28085
20989
250282
82939
-139326
114979
-235776
-43636
-1042
2800
-42244
-75538
93167
-351261
-6709
-131950
43518
-13532
7910
56838
96043
110825
-113396
-40698
-47316
21825
141471
29244
99463
-39000
-103183
50581
861
18087
-156563
-33926
55114
-18047
11389
86072
91983
-421414
-14569
-233458
-37400
-196672
-42993
-208399
11577
-13598
37959
-41448
-14914
201926
-15154
-132914
-93320
17187
50160
-104595
152999
-11750
9373
-229929
-62734
130429
-6856
-129109
14573
-35107
321783
-83311
-17447
68827
218147
246749
556899
-114533
-113291
68430
12809
5350
70049
135683
-28610
5388
-144666
30219
-279333
67609
-16974
-8590
81988
133765
-46980
52195
-354221
-123122
-31242
78196
138718
47542
3232
85878
-45
-362043
40951
-111529
-39333
17696
-47050
67356
12522
-19593
-329630
55627
-50111
-277898
-51979
74
-55936
34383
21
-221395
-46867
-365691
-22274
-4964
-64741
-2473
27102
38452
8781
33020
3183
58147
-129494
-52193
1010
30048
144311
-149749
65902
-162853
-83361
-9324
-156784
-107287
-11839
-197622
863
-13052
-63912
-33821
69452
403293
59717
-107491
47788
-327998
-87829
10395
-1066
21124
16317
161264
4308
-328841
8648
-60380
-162563
33529
-134501
139257
-11571
76108
9933
-6146
49530
-9862
-28549
97305
49389
173962
31122
625
314044
122478
70205
-101000
72105
83224
-98075
-25791
-156546
-52954
14895
-10768
-44448
-3136
-2048
-10957
35004
80671
39283
-15686
-112147
65749
-41645
77833
46188
9871
102068
77244
10107
37055
-13785
97894
66836
-46669
39960
-31949
57807
37530
1054
-2275
144612
40056
69011
-61604
-3752
-29598
-17025
-2200
43063
99693
-70659
-72336
-103184
-51894
-44235
1132
-96758
-21571
-265580
-49579
-101817
-56487
17776
170902
-238036
10011
-94106
64531
45862
-388833
-46038
-10467
-35887
28820
-370485
-31685
-111620
112174
62294
419596
-22771
-40042
122317
-107214
171654
250470
43467
-60335
48509
17813
-256633
-114406
105006
286835
31584
-379398
79467
-182358
-130537
-80453
-42926
-177438
205184
32458
-164748
141125
-6463
-247165
10962
-4903
-304066
-51127
-4234
16416
-155117
122839
-59390
-7798
-371167
-253332
303238
123179
-500175
11532
82439
-795045
-435497
146539
-79133
100252
-65297
324104
-24885
116784
108945
43227
-110407
6770
130558
-26211
-36026
-36573
-118007
20869
95143
37495
-77280
-23532
-15988
92640
37748
91507
-6718
-29723
6366
-96811
15336
-15130
-82385
-36451
-46656
7498
159806
31291
48655
-1441
30256
60242
13279
-342912
78319
191910
-511220
-38119
106901
-166907
-38563
-98187
8885
68399
-371663
88951
4081
-13581
99952
-17911
91461
182589
-176773
34078
-8119
3191
15401
-21187
-11263
-11698
-379088
-144633
-161204
-12543
63111
-319653
2061
-758
199
34297
8678
-68121
9375
25875
5064
63136
-90026
257884
10912
81101
108403
26178
18745
-56906
-24508
-13720
-266727
32463
-160722
33414
-65684
-28762
70257
80127
-129235
-206256
31645
-311623
-97001
96267
14485
-13497
-24172
88887
12886
-15486
-149724
-31236
-337466
-15656
-3729
7621
-63349
67512
92572
113034
-361837
-94003
290864
-351084
11455
38477
-14826
-390720
493977
-52577
46524
-2229
85434
101959
209454
43651
-125526
23068
215914
-1801
119236
-8218
724978
-269261
131522
150692
-292097
13009
-14997
131912
21769
276910
284419
-96577
222505
145014
328
29288
266399
-211306
-51404
-36347
216974
219572
-12563
-124781
33588
46462
339950
103398
-37886
-28068
360878
-28013
39520
-119335
47900
-65487
6486
187202
111825
-127071
-153986
-14422
76258
109410
85809
17517
-54802
106372
-16025
90287
643711
-18444
57209
-79919
-94311
-27215
-154668
-419838
39958
-337569
75899
-12550
-16690
75861
-1851
22499
-21369
-19778
-10649
-164468
47431
142148
158982
-384046
69496
-244061
16657
257514
141343
-24056
13893
19356
505
-129865
-228545
271738
-14565
-104258
-118380
53959
-280910
-110029
53458
25908
-11920
85702
304229
32325
68365
19580
872
23439
-253039
-174606
359612
-38375
-1243
-59433
2273
530407
34996
133297
113496
121039
-56307
48742
-74264
-34673
180831
-57329
-794
-116659
-167824
-306908
-133675
-214907
295256
-158084
17854
-5882
-38091
-9921
-2844
87881
64755
-31023
30646
80009
-76683
30907
163383
-295848
264261
-355632
-15053
-343344
-222826
122103
-30482
78078
-9534
-119508
65075
-80424
38339
-25867
56665
85107
108244
123646
-65263
84067
-30923
-44083
283309
-328187
20040
39116
-103933
-110586
-112433
-90438
9427
234456
121112
-190324
-76566
-159962
-85853
-46393
77958
63314
20485
4274
-284683
-151753
-170579
69926
479069
-160471
-140620
-487552
46400
35029
-23653
-431811
427104
-188750
69984
-167088
-74316
182697
-302965
-9769
277139
15503
14756
-130527
-6798
-57037
42900
-13512
60795
-54517
26834
35584
-104680
41269
-116265
55146
-3329
-37784
57383
-71604
35938
71394
227002
9326
28358
-243463
-123637
-3429
-60088
-19920
-497607
31088
-267902
76378
131361
-62872
-19763
23098
10643
53728
97159
-266851
-86008
141568
-278897
46791
110711
40582
-167938
-396420
15918
-5549
9643
-40233
-18671
-42356
-1361
60916
154068
-338513
6151
-375794
81358
32591
-64710
77554
-48540
10124
-42741
28650
-142966
-190777
-67454
43797
19718
28567
306803
-81591
113498
86100
243038
30317
116040
154600
-111043
-35924
-40799
-47254
53327
151951
453912
885
-322809
-39320
233228
-6077
286939
32246
-1846
-165957
11910
124933
89942
29215
-10489
-24674
6422
-76698
-3100
86856
-365639
118989
-76433
-146612
128107
13368
-29765
-23099
-81955
-8706
-304440
-5690
-3971
72758
-186349
106385
-18192
107070
125039
46095
28193
-125762
212055
-357431
27961
-41406
-259790
3528
63255
156046
27720
33
33279
-10193
308637
32701
-196054
344650
-13483
-77320
276710
-150982
2976
9075
-65044
11451
47563
-11372
118903
-84293
135701
-108289
115337
125040
-59108
121320
23716
-62594
-47585
-273380
-6672
-161779
3667
-23827
23343
-43388
-46126
26820
99078
-145394
417
99387
-38564
-56151
-262492
28077
-71376
17901
73199
94622
28647
-1023
-17323
-35258
11468
40475
17373
24840
-37294
-194037
-82242
-256578
-7631
74714
5442
-118677
47731
-60440
64823
-119851
131845
391420
-5454
151251
107163
-12163
-116804
-111079
-13442
66742
54513
-284553
2598
7507
-45892
9239
-44198
-102475
127987
-199104
-37521
-163266
-36490
-52164
-23774
21918
29658
125065
64311
84647
28121
12791
61568
68537
92745
-17017
-39791
14727
-58488
25494
47538
-51739
-13649
-401807
26161
-109480
3571
31951
53181
-399653
-131565
189989
-193285
43715
25755
-6055
31687
12755
15158
-137556
48481
-21910
-12555
-99861
71513
-113302
97620
-42377
-62079
-216494
73970
10295
72037
-46583
-81263
160939
-74432
33640
173320
45203
72857
169894
152024
470969
1522
20471
19249
-6912
217103
-26541
-84577
-37252
9364
-38564
-27028
5256
-391497
72383
-127572
-27432
-15836
-20084
5836
123704
-72731
-100748
-2885
-1049
4387
4979
-54574
-311963
-49113
-18736
-38926
-25883
62175
-39806
3870
-19495
-4442
27829
7998
-1863
38115
-100194
133746
27531
21012
86701
18204
19415
34998
71198
-40429
15432
-29646
-153208
-11281
-65763
-371795
-23415
-310846
-25283
47548
20404
-8073
14402
112221
201557
-29100
-133501
18972
180242
-7888
158419
71861
35281
-6355
-44038
-53720
3204
-450
-53098
-21918
9290
39172
-73465
23669
44651
4541
-38145
-335034
-144061
-14945
30665
81473
-9802
-27092
41687
40389
181585
-53351
62968
-7370
-25614
-12356
42145
-224154
-24595
17869
8951
-21323
-101292
-14