0
1
2
3
4
5
6
7
0
1
2
3
8
9
0
10
11
12
13
14
15
16
17
18
19
4
20
1
2
3
4
5
6
21
22
5
23
6
25
26
27
28
29
24
7
9
7
8
9
10
11
12
13
14
15
16
10
30
8
11
12
13
14
16
17
15
18
17
19
18
20
21
22
31
32
34
35
33
37
38
39
40
41
23
24
25
26
27
36
28
29
30
42
31
33
32
19
21
22
23
24
25
26
27
28
20
34
35
36
37
38
40
41
39
43
42
44
45
47
46
48
43
45
46
47
44
48
49
50
29
51
52
31
30
34
53
33
32
55
54
57
56
59
58
49
60
36
35
38
37
62
61
40
39
42
41
44
43
46
48
45
63
49
47
65
67
64
68
66
51
50
51
50
52
52
55
56
57
54
53
59
58
61
60
63
62
53
64
55
54
65
66
57
56
68
67
70
69
72
71
58
73
61
62
63
60
59
65
64
67
66
75
74
77
76
69
78
80
79
82
81
84
83
70
85
71
86
88
87
90
89
92
93
95
96
97
72
73
74
75
76
77
78
79
91
94
98
80
99
68
69
70
71
72
73
74
75
76
77
78
79
80
81
82
83
84
85
81
82
83
84
85
86
87
88
89
90
91
92
93
94
95
96
97
98
99
86
87
88
89
90
91
92
93
94
95
96
97
98
99