0
1
3
4
5
6
7
8
0
1
2
0
9
2
10
11
1
3
12
4
13
14
2
3
5
6
15
16
4
5
7
8
17
18
6
7
9
10
19
20
8
9
11
12
21
22
10
11
13
14
23
24
12
13
15
16
25
26
14
15
17
18
27
28
16
17
19
20
29
30
18
19
21
22
31
32
20
21
23
24
33
34
22
23
25
26
35
36
24
25
27
28
37
38
26
27
29
30
39
40
28
29
31
32
41
42
30
31
33
34
43
44
32
33
35
36
45
46
34
35
37
38
48
47
39
36
49
37
38
40
41
50
51
42
39
43
44
52
53
40
41
45
46
54
55
43
56
48
42
44
47
49
57
46
45
47
50
59
58
51
48
49
60
61
52
53
50
51
62
63
54
55
52
53
64
65
56
57
54
55
66
67
58
59
56
57
68
69
60
61
58
59
70
71
62
63
60
61
72
73
65
64
62
63
74
66
64
75
67
65
76
68
77
69
78
67
70
79
68
71
80
69
72
81
70
73
82
71
83
72
73
84
74
85
74
75
86
75
76
87
76
77
88
77
78
89
78
79
90
66
80
79
80
81
91
92
82
81
93
82
83
94
83
84
95
84
85
96
85
86
97
86
87
98
87
88
99
88
89
89
90
90
91
91
92
92
93
93
94
94
95
95
96
96
97
97
98
98
99
99
