   elements threads cost randomAddGranular randomContainsGranular randomRemoveGranular randomAddWhole randomContainsWhole randomRemoveWhole
   200  10  0  14  17  15 5  29  22
   200  20  0  7  17  20 3  26  22
   200  30  0  5  29  28 5  28  23
   200  40  0  10  30  27 6  27  21
   200  60  0  5  19  21 6  22  20
   200  70  0  11  16  15 6  21  17
   200  80  0  8  16  24 8  20  17
   200  90  0  9  21  52 11  31  21
   200  100  0  9  24  29 12  28  27
   200  10  1  388  6144  5222 379  59981  49212
   200  20  1  392  3454  2867 381  53892  53630
   200  30  1  350  2073  1812 336  47390  41970
   200  40  1  394  1905  1697 371  54823  53612
   200  50  1  386  1554  1417 359  54909  49848
   200  60  1  343  1202  1093 336  47616  40704
   200  70  1  266  663  741 258  28425  26518
   200  80  1  319  794  860 306  36587  34635
   200  90  1  341  869  950 342  45382  42322
   200  100  1  394  982  1076 377  53248  48214
   200  10  2  575  9786  8374 551  89531  78989
   200  20  2  564  5084  4220 558  86143  76870
   200  30  2  506  3064  2467 516  74261  64025
   200  40  2  581  2885  2545 576  88505  80051
   200  50  2  567  2392  2033 566  86011  76460
   200  60  2  517  1709  1603 519  70055  63377
   200  70  2  399  1009  1106 403  45018  39622
   200  80  2  467  1156  1240 471  54829  52600
   200  90  2  514  1292  1401 511  71400  68982
   200  100  2  573  1440  1610 582  90535  72664
   200  10  3  775  14762  11991 768  108874  102455
   200  20  3  785  6719  6142 766  113376  103137
   200  30  3  699  4117  3642 710  99627  91107
   200  40  3  779  4040  3451 776  116550  99146
   200  50  3  766  3256  2802 791  107880  99048
   200  60  3  684  2275  2153 683  97683  88354
   200  70  3  535  1366  1471 530  60445  54417
   200  80  3  619  1526  1688 616  75339  64095
   200  90  3  689  1721  1919 687  95444  76931
   200  100  3  780  1908  2096 759  112280  97927
   200  10  4  967  16214  13750 949  150533  136108
   200  20  4  988  9208  7942 962  136094  123544
   200  30  4  879  5341  4320 858  129191  111375
   200  40  4  983  5011  4143 959  150736  130402
   200  50  4  987  4034  3498 956  146831  134088
   200  60  4  883  2915  2696 863  117964  104711
   200  70  4  691  1730  1895 677  71324  66801
   200  80  4  791  1952  2105 778  100570  88247
   200  90  4  893  2184  2441 882  124669  102449
   200  100  4  989  2430  2671 983  144981  119221
   200  10  5  1178  19949  19168 1159  192217  154244
   200  20  5  1178  11854  9628 1186  172438  154963
   200  30  5  1057  6415  5545 1065  145752  125828
   200  40  5  1190  6067  5265 1166  179941  167668
   200  50  5  1192  5001  4396 1180  180268  153349
   200  60  5  1063  3498  3223 1043  154144  136525
   200  70  5  824  2042  2266 814  96138  82061
   200  80  5  942  2286  2573 927  122637  107283
   200  90  5  1065  2640  2845 1053  146770  126699
   200  100  5  1189  2938  3228 1178  174251  158829